44727199413599736353650692110923729602417991260642076042617809518376123590066494553471236379957932148137908705903328354643097364541965243249926392184166183615053411823858396260652598255404861211608184192919051471205660235769595672623497467550555267461770465114709676469663693769429578315598643102496528922919
50353267136839302058188572139935837591139831337072135897927020214681966468710278191846086951623040262469712670649140446668655147523467308925565910992656417223259312249753817109550491577630037184296662200448094837107028219928116600396331854864823353676784612022879736580581022473627493753515052132616950984704
52400057563841965560059181848109335777838497952760956270213236456321828948427597058096254313049833551783751594484751255958675836727762452599411286922786682347009954134890594784639828744772346796670156748321553563496077489967783200207498665544441318465572210259130830322546199855456188361702231410079167221287
52400057563841965560059181848109335777838497952760956270213236456321828948427597058096254313049833551783751594484751255958675836727762452599411286922786682347009954134890594784639828744772346796670156748321553563496077489967783200207498665544441318465572210259130830322546199855456188361702231410079167221287
16665649402048226043966811662398323249518277162105062587527600331681791892716849222738085618697408979620049642477790746188911776080551571639870042835470854838297560889070483840705395430948105116377502114904128740820907463015584645061313443372273067216253685289647515187531775290584740179247137109772263639272
24578867604085696817227184504485030578020739353915802904743806512927679449868446199685195328985276521274748071516930244002577713818747155146574850402868445894007246966262198475778569702439461685201953620791155283912172875877591882538510284441043508568324764729432850800265605776926895084741429007818203846193
2551403612728232986085979278278793897187315397299672441508886461550565699644058816244890960997728086172375316380774661579269369785627502932307176432330044339139056417096263621316277534417226244493040958895965248766797320431595899124081960935850712727017522357338128636450686544880352606973339319572151749116
16665649402048226043966811662398323249518277162105062587527600331681791892716849222738085618697408979620049642477790746188911776080551571639870042835470854838297560889070483840705395430948105116377502114904128740820907463015584645061313443372273067216253685289647515187531775290584740179247137109772263639272
50191252183123087082381511427685748998916295640425758658707844193473021713079476247123629113195833362936251138319195311818991244613234490636939287957722937764400895928222144755824314668604163516133434140736509992375930011018706677840911100089789545258521096382731139780238155333226618438889061484505192898424
52400057563841965560059181848109335777838497952760956270213236456321828948427597058096254313049833551783751594484751255958675836727762452599411286922786682347009954134890594784639828744772346796670156748321553563496077489967783200207498665544441318465572210259130830322546199855456188361702231410079167221287
49525184247933421905121238855268058807305528842413668862284787809389694853693839726006861262105224390716933979507254365568653814622451489587580436959239489153242750985648894791230981654272441674942122871479211253429467494657586935369329200585518002406002974997836002381547737085072531408971224634089174153997
24578867604085696817227184504485030578020739353915802904743806512927679449868446199685195328985276521274748071516930244002577713818747155146574850402868445894007246966262198475778569702439461685201953620791155283912172875877591882538510284441043508568324764729432850800265605776926895084741429007818203846193
23227714290511491295114791108309372918787839926725164242344363625705872373990535110458857541544256908427190107115135527382511188537799408505162197293739900766530734601181903655698126230220706866497113610957720891982471186660663415046008031178835995092682405342980727770869306385328104986978339240994667084762
38798277117825041370720193695749442988175680610718424156491265447453348581482139138600974695255401585810213651316470282539483345080886866514609631046640140184347419732786982481116234044364466646895920792278226831028052015153960281553935272207588501012730723382962275159317349811868756820461438543073064300753
15415755596733306781096151509684334431522683982475049900133148466028682915957363898420258443209202875068243636024736329106952536906376678356691000348774824214860305463094015068035533081966249184024471693419228597366068308969307574225505468724251249639417849054136001163243112322637910429979251261549755593668
42019432850774244118025144289932719656865053527253303413601571381843736689785697113719284359643056170218622428313112811054753551429793534757386783101400416950750446296035254615180732746773978165408510888849645525164188479517540853674249802588618808054148651788583322628041159539507775266387277041568836412646
37113615618967982169480046475914244766661212832252230624002218562733246871059896603862967162389767573048484859923593878496804620184500993049687124652423838146927077804837224867224262327500546406180742434146376222030100342023981858729922044471660689116484954433811984360487359392584197888748924901000736308368
29742074838381696904770070306545943337732813539786396144109962211585855110260909459191209564460876990978072958768692256027019287617408379063535966559670727380648800106526104496172820066316677080857597529050113975993810663103763451121794042152328585538370325016618630248146521267543237802067140145416071209930
46553311058280540289364391022264994438019693693184759951918417151960953420145492588860264514552174348334316427197506067820311207452606546639762652456546381342866482220431487866063838208410397188675703044614994639997222082195280108280858687471179565431930104473870629631160414464866067074021440802253901352526
42386344452217284827119973696209492420509502508327698615366890862280097126177792140009942132830086812676237809519732398940150699962450387354500046797811134525261174707387189908385237345122566546006101252445378637509831409048400037329431483340468094670126236260347078619266940564641664978824767822398431294619
37498071290855359364416258061678460965996974529346018411935911764424204435372066782970559025977104843017531812764438605559896097809787508357244338233925364452333024789694725066938827236084520194280527321143022659403341833796751461416039803784305127092391084755612574242742215171835723239843436332171467499134
24578867604085696817227184504485030578020739353915802904743806512927679449868446199685195328985276521274748071516930244002577713818747155146574850402868445894007246966262198475778569702439461685201953620791155283912172875877591882538510284441043508568324764729432850800265605776926895084741429007818203846193
44727199413599736353650692110923729602417991260642076042617809518376123590066494553471236379957932148137908705903328354643097364541965243249926392184166183615053411823858396260652598255404861211608184192919051471205660235769595672623497467550555267461770465114709676469663693769429578315598643102496528922919
50353267136839302058188572139935837591139831337072135897927020214681966468710278191846086951623040262469712670649140446668655147523467308925565910992656417223259312249753817109550491577630037184296662200448094837107028219928116600396331854864823353676784612022879736580581022473627493753515052132616950984704
30985454266529933630462170293198022389680725209028731567133485979099952636075363282049288560957629840327912242371676052249238426631825247332581880612914194587955588753182297154235556916907470515560103645622120801033761585126313284559121834237182240243113793913571397421273724156523305698776293113170778138732
440922763287368912819664030544232197298992207048981525926523727446577569708947350393593058311716063715618237033484751583108192891620838850764715969758003738309865018143255947645537862369317581185238381004681445636901347314815997666326932746563448662339887086267154493477059941724112428482647827783419528509
440922763287368912819664030544232197298992207048981525926523727446577569708947350393593058311716063715618237033484751583108192891620838850764715969758003738309865018143255947645537862369317581185238381004681445636901347314815997666326932746563448662339887086267154493477059941724112428482647827783419528509
440922763287368912819664030544232197298992207048981525926523727446577569708947350393593058311716063715618237033484751583108192891620838850764715969758003738309865018143255947645537862369317581185238381004681445636901347314815997666326932746563448662339887086267154493477059941724112428482647827783419528509
8192469807475640907898349324285040818281228117350242957823756297993636692040665922217469841611180493155383279820268272175433479489377503981144681237587959287537879334138690853305522496947960791965978083771484862174949859864111137794859207205589243264884523722211179907688720295848793740257024684693382345741
